4.059249531078785306e-02 2.170919849576889860e+01 2.894042544289420871e+00 0.000000000000000000e+00 0.000000000000000000e+00
6.401874415465305668e-02 3.626419912162445769e+01 1.927453444098676361e+00 0.000000000000000000e+00 0.000000000000000000e+00
1.009646167076152234e-01 5.271466026177839836e+01 1.492490795489885391e+00 0.000000000000000000e+00 0.000000000000000000e+00
1.592315239728185894e-01 5.731201002340097261e+01 1.218149849717184763e+00 0.000000000000000000e+00 0.000000000000000000e+00
2.511256168942284650e-01 5.103302184112011020e+01 9.616262467587577412e-01 0.000000000000000000e+00 0.000000000000000000e+00
3.960518520846326163e-01 3.978258260752663489e+01 7.197325765230752070e-01 0.000000000000000000e+00 0.000000000000000000e+00
6.246162422842452822e-01 2.843365519807865383e+01 5.201398923639479754e-01 0.000000000000000000e+00 0.000000000000000000e+00
9.850865030469101447e-01 1.899703404486017888e+01 3.664480105031696633e-01 0.000000000000000000e+00 0.000000000000000000e+00
1.553587385521859154e+00 1.140624487162022049e+01 2.455473089524425334e-01 0.000000000000000000e+00 0.000000000000000000e+00
2.450172235589463732e+00 6.045643201830133151e+00 1.491484244934665471e-01 0.000000000000000000e+00 0.000000000000000000e+00
3.864189238006507043e+00 3.070985743975777726e+00 8.898466102896418484e-02 0.000000000000000000e+00 0.000000000000000000e+00
6.094233150863008319e+00 1.647115134601124131e+00 5.717857217549022347e-02 0.000000000000000000e+00 0.000000000000000000e+00
9.611262701460812963e+00 1.004320766142666521e+00 4.254367659931410084e-02 0.000000000000000000e+00 0.000000000000000000e+00
1.515800207877649974e+01 6.828159369235046183e-01 3.363829046135054235e-02 0.000000000000000000e+00 0.000000000000000000e+00
2.390579374659573730e+01 4.678356111514540006e-01 2.626621633583856724e-02 0.000000000000000000e+00 0.000000000000000000e+00
