3.634357456385463314e-02 1.148771284919398852e+02 3.742483767863260979e+00 0.000000000000000000e+00 0.000000000000000000e+00
5.731773777037624945e-02 1.614045367753493565e+02 3.336086153549272293e+00 0.000000000000000000e+00 0.000000000000000000e+00
9.039639094690080090e-02 1.796848431446547067e+02 2.887772190867963218e+00 0.000000000000000000e+00 0.000000000000000000e+00
1.425643513687707420e-01 1.687893829231096561e+02 2.415103670044376649e+00 0.000000000000000000e+00 0.000000000000000000e+00
2.248396535520162387e-01 1.442839712699619383e+02 1.949428473828776376e+00 0.000000000000000000e+00 0.000000000000000000e+00
3.545960874586894240e-01 1.138978886496993823e+02 1.515790028996895078e+00 0.000000000000000000e+00 0.000000000000000000e+00
5.592360558632423206e-01 8.416884718805501109e+01 1.088386281290587787e+00 0.000000000000000000e+00 0.000000000000000000e+00
8.819749685557658481e-01 5.995389394225396984e+01 7.830212799073167362e-01 0.000000000000000000e+00 0.000000000000000000e+00
1.390969403454536568e+00 3.884068071678569112e+01 5.262389568948646623e-01 0.000000000000000000e+00 0.000000000000000000e+00
2.193706414366861868e+00 2.319037015173818617e+01 3.482274541395773415e-01 0.000000000000000000e+00 0.000000000000000000e+00
3.459714625205885685e+00 1.214222524953746429e+01 2.080627429005540707e-01 0.000000000000000000e+00 0.000000000000000000e+00
5.456334113784878426e+00 5.913963377779788644e+00 1.184400617024427421e-01 0.000000000000000000e+00 0.000000000000000000e+00
8.605227147750731831e+00 3.162543577055322963e+00 8.120191614333256702e-02 0.000000000000000000e+00 0.000000000000000000e+00
1.357137506751577227e+01 1.843604299960292181e+00 5.339272540355900071e-02 0.000000000000000000e+00 0.000000000000000000e+00
2.140351291256130040e+01 1.156741233412790004e+00 4.060374842562457925e-02 0.000000000000000000e+00 0.000000000000000000e+00
