4.049304225172811744e-02 2.790281454756900104e+01 3.358154923984875140e+00 0.000000000000000000e+00 0.000000000000000000e+00
6.386189595168853539e-02 4.485416493695742446e+01 2.220047816738902835e+00 0.000000000000000000e+00 0.000000000000000000e+00
1.007172498012083306e-01 6.661070659384218118e+01 1.735145519379228229e+00 0.000000000000000000e+00 0.000000000000000000e+00
1.588414010686562405e-01 7.282104120882705445e+01 1.434554141309454911e+00 0.000000000000000000e+00 0.000000000000000000e+00
2.505103501899478835e-01 6.701348063675855826e+01 1.156826898393027658e+00 0.000000000000000000e+00 0.000000000000000000e+00
3.950815109431353722e-01 5.379836173371865726e+01 8.800479375797343184e-01 0.000000000000000000e+00 0.000000000000000000e+00
6.230859102473020883e-01 3.952067517333725988e+01 6.370509998672041485e-01 0.000000000000000000e+00 0.000000000000000000e+00
9.826730060343124018e-01 2.731178894640080301e+01 4.491984225298931155e-01 0.000000000000000000e+00 0.000000000000000000e+00
1.549781041102187507e+00 1.707898213615840177e+01 2.982361262980626759e-01 0.000000000000000000e+00 0.000000000000000000e+00
2.444169226358645641e+00 9.394946889784323574e+00 1.851699926322226686e-01 0.000000000000000000e+00 0.000000000000000000e+00
3.854721836764895659e+00 4.779053803009198020e+00 1.074438744410358415e-01 0.000000000000000000e+00 0.000000000000000000e+00
6.079302062620312697e+00 2.493581545465914928e+00 6.644416015928432395e-02 0.000000000000000000e+00 0.000000000000000000e+00
9.587714765573437603e+00 1.421285216177452071e+00 4.554254750071405622e-02 0.000000000000000000e+00 0.000000000000000000e+00
1.512086443388854029e+01 9.159772928207056131e-01 3.480188294190426912e-02 0.000000000000000000e+00 0.000000000000000000e+00
2.384722370060208263e+01 5.994027955104036520e-01 2.693198440331589713e-02 0.000000000000000000e+00 0.000000000000000000e+00
