4.062413258578554537e-02 3.748867252125771898e+01 3.726722722021156731e+00 0.000000000000000000e+00 0.000000000000000000e+00
6.406863955029998281e-02 5.440463689508951717e+01 2.511872265090660861e+00 0.000000000000000000e+00 0.000000000000000000e+00
1.010433072468235050e-01 7.853456754308976429e+01 1.887665907524704423e+00 0.000000000000000000e+00 0.000000000000000000e+00
1.593556269990962226e-01 8.843504986468039419e+01 1.607575637531474255e+00 0.000000000000000000e+00 0.000000000000000000e+00
2.513213410087432043e-01 8.229836996521990500e+01 1.258783585518126857e+00 0.000000000000000000e+00 0.000000000000000000e+00
3.963605298651389219e-01 6.731483513461751045e+01 9.374192055221565179e-01 0.000000000000000000e+00 0.000000000000000000e+00
6.251030602458875762e-01 5.072290811746938033e+01 6.676146614880126284e-01 0.000000000000000000e+00 0.000000000000000000e+00
9.858542669489516186e-01 3.586555453624973211e+01 4.569512969557659732e-01 0.000000000000000000e+00 0.000000000000000000e+00
1.554798231787218876e+00 2.292674218596568991e+01 2.968302226906554542e-01 0.000000000000000000e+00 0.000000000000000000e+00
2.452081868693207767e+00 1.292108555971810091e+01 1.840145546515462582e-01 0.000000000000000000e+00 0.000000000000000000e+00
3.867200937992672838e+00 6.558040127971712430e+00 1.100715050270906908e-01 0.000000000000000000e+00 0.000000000000000000e+00
6.098982918735559977e+00 3.359680450586577383e+00 6.806278007357484394e-02 0.000000000000000000e+00 0.000000000000000000e+00
9.618753597470853123e+00 1.873924155310400241e+00 4.570476078651400376e-02 0.000000000000000000e+00 0.000000000000000000e+00
1.516981603296951420e+01 1.132539524672748987e+00 3.527589448313313975e-02 0.000000000000000000e+00 0.000000000000000000e+00
2.392442561844812232e+01 7.146897590176849446e-01 2.686104283389342123e-02 0.000000000000000000e+00 0.000000000000000000e+00
