4.462500813954468210e-02 2.136989771893588497e+01 2.698237110674484462e+00 0.000000000000000000e+00 0.000000000000000000e+00
7.037845190624653080e-02 4.491355237897185759e+01 1.823002658179130098e+00 0.000000000000000000e+00 0.000000000000000000e+00
1.109945769011629335e-01 6.051342791519784470e+01 1.478893880593744825e+00 0.000000000000000000e+00 0.000000000000000000e+00
1.750497967408946587e-01 6.755338361099136080e+01 1.251541252885933986e+00 0.000000000000000000e+00 0.000000000000000000e+00
2.760727718794585006e-01 6.333877983550274848e+01 1.052141390440832769e+00 0.000000000000000000e+00 0.000000000000000000e+00
4.353961732986019739e-01 5.139185009118132541e+01 8.062692604836538823e-01 0.000000000000000000e+00 0.000000000000000000e+00
6.866664560189922328e-01 3.877447040908764109e+01 5.757136033112271178e-01 0.000000000000000000e+00 0.000000000000000000e+00
1.082946315077637056e+00 2.717676225933736944e+01 3.852559652345668995e-01 0.000000000000000000e+00 0.000000000000000000e+00
1.707922836317531834e+00 1.757623378533016023e+01 2.703442467334207233e-01 0.000000000000000000e+00 0.000000000000000000e+00
2.693575625724302647e+00 9.749864372845021165e+00 1.627801783439538352e-01 0.000000000000000000e+00 0.000000000000000000e+00
4.248062970224790291e+00 4.881542989380358577e+00 8.683575979748987816e-02 0.000000000000000000e+00 0.000000000000000000e+00
6.699642430931561421e+00 2.460433283539875227e+00 5.033932697458544381e-02 0.000000000000000000e+00 0.000000000000000000e+00
1.056605840562863463e+01 1.448714379426598420e+00 3.782917763968204200e-02 0.000000000000000000e+00 0.000000000000000000e+00
1.666381829857278163e+01 8.967788453369833768e-01 2.741829080834849025e-02 0.000000000000000000e+00 0.000000000000000000e+00
2.628062730207668451e+01 5.589708628017110437e-01 2.108105826161750518e-02 0.000000000000000000e+00 0.000000000000000000e+00
