3.629953770848538125e-02 1.261391235249402314e+02 3.895158512541790685e+00 0.000000000000000000e+00 0.000000000000000000e+00
5.724828689883768029e-02 1.847957783243686549e+02 3.504985336134356810e+00 0.000000000000000000e+00 0.000000000000000000e+00
9.028685926649229754e-02 2.053669088518963690e+02 3.137774834960973980e+00 0.000000000000000000e+00 0.000000000000000000e+00
1.423916087093769212e-01 1.967290269842568193e+02 2.751937207436710331e+00 0.000000000000000000e+00 0.000000000000000000e+00
2.245672193893461233e-01 1.665890953228442584e+02 2.190133986027149149e+00 0.000000000000000000e+00 0.000000000000000000e+00
3.541664297597614808e-01 1.329667389133365702e+02 1.746334615268400725e+00 0.000000000000000000e+00 0.000000000000000000e+00
5.585584395966846083e-01 1.015576102804796790e+02 1.344160010198480304e+00 0.000000000000000000e+00 0.000000000000000000e+00
8.809062953557383890e-01 7.377600742688855462e+01 9.454031462844463274e-01 0.000000000000000000e+00 0.000000000000000000e+00
1.389283990856076789e+00 4.973302879269440524e+01 6.448962884222798619e-01 0.000000000000000000e+00 0.000000000000000000e+00
2.191048339775922837e+00 2.988705377998086732e+01 4.058860446985378401e-01 0.000000000000000000e+00 0.000000000000000000e+00
3.455522551245153284e+00 1.556243523408901375e+01 2.134130232610870204e-01 0.000000000000000000e+00 0.000000000000000000e+00
5.449722771914999875e+00 7.354454505909346906e+00 1.129891240494525495e-01 0.000000000000000000e+00 0.000000000000000000e+00
8.594800348849615190e+00 3.677812901694940795e+00 7.412372544013960673e-02 0.000000000000000000e+00 0.000000000000000000e+00
1.355493087653615270e+01 2.149558143455216896e+00 5.534782682717959840e-02 0.000000000000000000e+00 0.000000000000000000e+00
2.137757866107845928e+01 1.412444905108417581e+00 4.223593822493913741e-02 0.000000000000000000e+00 0.000000000000000000e+00
