4.057723864618539844e-02 5.439852796776676769e+01 4.879936667521072913e+00 0.000000000000000000e+00 0.000000000000000000e+00
6.399468274871188134e-02 7.410985894813492791e+01 2.836627181522044072e+00 0.000000000000000000e+00 0.000000000000000000e+00
1.009266692180108005e-01 1.020038853716778249e+02 2.450352695839418171e+00 0.000000000000000000e+00 0.000000000000000000e+00
1.591716769016594535e-01 1.152129058590827952e+02 2.167788922303308663e+00 0.000000000000000000e+00 0.000000000000000000e+00
2.510312314842972348e-01 1.080120555229419921e+02 1.832362485089118254e+00 0.000000000000000000e+00 0.000000000000000000e+00
3.959029962376053313e-01 8.890888650898540391e+01 1.411237954356314050e+00 0.000000000000000000e+00 0.000000000000000000e+00
6.243814806505783022e-01 6.969645260067237302e+01 1.102568125395221088e+00 0.000000000000000000e+00 0.000000000000000000e+00
9.847162588856107623e-01 5.063973165960482703e+01 8.017818774802044635e-01 0.000000000000000000e+00 0.000000000000000000e+00
1.553003470650648588e+00 3.342218652034234339e+01 5.260761898869277253e-01 0.000000000000000000e+00 0.000000000000000000e+00
2.449251339849242814e+00 1.964116920761560081e+01 3.322121466279685520e-01 0.000000000000000000e+00 0.000000000000000000e+00
3.862736884838431806e+00 1.019444262422264913e+01 1.814419818378217308e-01 0.000000000000000000e+00 0.000000000000000000e+00
6.091942637050539844e+00 5.134568640598458522e+00 1.025327218642096416e-01 0.000000000000000000e+00 0.000000000000000000e+00
9.607650314237027089e+00 2.684754574519952808e+00 6.027288010180693878e-02 0.000000000000000000e+00 0.000000000000000000e+00
1.515230495294107982e+01 1.619918513155374162e+00 3.958236218725090516e-02 0.000000000000000000e+00 0.000000000000000000e+00
2.389680876859783609e+01 9.996128939523222234e-01 2.896079315781671659e-02 0.000000000000000000e+00 0.000000000000000000e+00
