3.633295272019650829e-02 9.674841204783376725e+01 3.241652449378922718e+00 0.000000000000000000e+00 0.000000000000000000e+00
5.730098597706091701e-02 1.328095248775524624e+02 2.946461036064976113e+00 0.000000000000000000e+00 0.000000000000000000e+00
9.036997152219040930e-02 1.493546576493207851e+02 2.652377692076565818e+00 0.000000000000000000e+00 0.000000000000000000e+00
1.425226852346704598e-01 1.380113432388498609e+02 2.226460273215287611e+00 0.000000000000000000e+00 0.000000000000000000e+00
2.247739414783736234e-01 1.141154356106691807e+02 1.765267859998549627e+00 0.000000000000000000e+00 0.000000000000000000e+00
3.544924525177688412e-01 8.759069894481841345e+01 1.349741862922419822e+00 0.000000000000000000e+00 0.000000000000000000e+00
5.590726124478752057e-01 6.324624136367849303e+01 9.749963070081549832e-01 0.000000000000000000e+00 0.000000000000000000e+00
8.817172008392216709e-01 4.342418987313112666e+01 6.882035356844546925e-01 0.000000000000000000e+00 0.000000000000000000e+00
1.390562876036305795e+00 2.735962764034347217e+01 4.609847592801416538e-01 0.000000000000000000e+00 0.000000000000000000e+00
2.193065277471417218e+00 1.565492558055197314e+01 2.937090434052173071e-01 0.000000000000000000e+00 0.000000000000000000e+00
3.458703482292959652e+00 7.973876265487211512e+00 1.738098349134611365e-01 0.000000000000000000e+00 0.000000000000000000e+00
5.454739434984055002e+00 4.036487154001250133e+00 1.068292254236187511e-01 0.000000000000000000e+00 0.000000000000000000e+00
8.602712167358655293e+00 2.189030214895989257e+00 7.240404171624703622e-02 0.000000000000000000e+00 0.000000000000000000e+00
1.356740867109156845e+01 1.363727966299071337e+00 5.317467644053182341e-02 0.000000000000000000e+00 0.000000000000000000e+00
2.139725748032547514e+01 8.948139676248554331e-01 4.175309918084784550e-02 0.000000000000000000e+00 0.000000000000000000e+00
