4.460230219596031387e-02 2.371237225742991939e+01 2.965333275186407658e+00 0.000000000000000000e+00 0.000000000000000000e+00
7.034264218373531552e-02 5.228321978930027569e+01 2.395084669831103241e+00 0.000000000000000000e+00 0.000000000000000000e+00
1.109381010212391050e-01 7.212476801943491012e+01 1.835876869495470354e+00 0.000000000000000000e+00 0.000000000000000000e+00
1.749607285037119431e-01 8.059382390972112375e+01 1.572669172691948836e+00 0.000000000000000000e+00 0.000000000000000000e+00
2.759323014785597383e-01 7.592507447717612479e+01 1.286082991006710197e+00 0.000000000000000000e+00 0.000000000000000000e+00
4.351746365110488179e-01 6.197266964397903166e+01 9.898049857226617343e-01 0.000000000000000000e+00 0.000000000000000000e+00
6.863170687480053545e-01 4.641080839367729993e+01 6.913037664231156398e-01 0.000000000000000000e+00 0.000000000000000000e+00
1.082395294047945544e+00 3.336604226154675956e+01 4.808933497537799528e-01 0.000000000000000000e+00 0.000000000000000000e+00
1.707053816877880159e+00 2.176926004940568049e+01 3.275564264265636294e-01 0.000000000000000000e+00 0.000000000000000000e+00
2.692205089812988561e+00 1.220972926375756806e+01 1.939754228521663182e-01 0.000000000000000000e+00 0.000000000000000000e+00
4.245901485394510289e+00 6.196224832828138851e+00 1.113071781566306595e-01 0.000000000000000000e+00 0.000000000000000000e+00
6.696233541848640947e+00 3.133180143736645107e+00 6.053337015373760899e-02 0.000000000000000000e+00 0.000000000000000000e+00
1.056068222003070467e+01 1.838962736865939585e+00 4.417630461950724369e-02 0.000000000000000000e+00 0.000000000000000000e+00
1.665533947170053963e+01 1.141365653685412873e+00 2.881262205605572210e-02 0.000000000000000000e+00 0.000000000000000000e+00
2.626725528343151694e+01 7.009145353442771675e-01 2.273062642251343773e-02 0.000000000000000000e+00 0.000000000000000000e+00
