4.461958798729175057e-02 1.541588027005694883e+01 2.036419537359170917e+00 0.000000000000000000e+00 0.000000000000000000e+00
7.036990374142683413e-02 2.706893527233800256e+01 1.379054663080039766e+00 0.000000000000000000e+00 0.000000000000000000e+00
1.109810955029260360e-01 3.743161594382648616e+01 1.081635094730445612e+00 0.000000000000000000e+00 0.000000000000000000e+00
1.750285351974297521e-01 4.014299295057771388e+01 9.073752624411207668e-01 0.000000000000000000e+00 0.000000000000000000e+00
2.760392400882307196e-01 3.535261202875395270e+01 7.313104680750988074e-01 0.000000000000000000e+00 0.000000000000000000e+00
4.353432900914495640e-01 2.742663016080652838e+01 5.613229578807765741e-01 0.000000000000000000e+00 0.000000000000000000e+00
6.865830535302585025e-01 1.958545836992441735e+01 4.089049022599447469e-01 0.000000000000000000e+00 0.000000000000000000e+00
1.082814780448195346e+00 1.286226389097086908e+01 2.830822686230610175e-01 0.000000000000000000e+00 0.000000000000000000e+00
1.707715392057126413e+00 7.583675438209714237e+00 1.842200989798676303e-01 0.000000000000000000e+00 0.000000000000000000e+00
2.693248464103389139e+00 4.015184420691536360e+00 1.092343379358542560e-01 0.000000000000000000e+00 0.000000000000000000e+00
4.247547000614058987e+00 2.075093163906349680e+00 6.524301542425199607e-02 0.000000000000000000e+00 0.000000000000000000e+00
6.698828692547418306e+00 1.152265806250941216e+00 4.242511295062727922e-02 0.000000000000000000e+00 0.000000000000000000e+00
1.056477505246726878e+01 7.244666535342890734e-01 3.088776064557039250e-02 0.000000000000000000e+00 0.000000000000000000e+00
1.666179431166366953e+01 4.712356807950643933e-01 2.441737656005165888e-02 0.000000000000000000e+00 0.000000000000000000e+00
2.627743525781230360e+01 3.247988761072360675e-01 1.960321873394832784e-02 0.000000000000000000e+00 0.000000000000000000e+00
