4.455794178799959288e-02 1.998462565946580582e+01 2.371325904534917317e+00 0.000000000000000000e+00 0.000000000000000000e+00
7.027268103485569128e-02 3.424136641022877825e+01 1.618399995893139209e+00 0.000000000000000000e+00 0.000000000000000000e+00
1.108277645772127867e-01 4.863843706360324148e+01 1.302034091018462902e+00 0.000000000000000000e+00 0.000000000000000000e+00
1.747867166498074110e-01 5.314465706155962721e+01 1.094143955012431668e+00 0.000000000000000000e+00 0.000000000000000000e+00
2.756578656566294749e-01 4.812132224265287306e+01 8.927105028264340492e-01 0.000000000000000000e+00 0.000000000000000000e+00
4.347418219822163366e-01 3.810168598004274543e+01 6.889275834822030653e-01 0.000000000000000000e+00 0.000000000000000000e+00
6.856344738221581414e-01 2.791161182827485732e+01 4.968171650492830271e-01 0.000000000000000000e+00 0.000000000000000000e+00
1.081318768970657374e+00 1.901096005986617854e+01 3.436655530226499500e-01 0.000000000000000000e+00 0.000000000000000000e+00
1.705356021024318380e+00 1.166530748099920700e+01 2.251311641400282615e-01 0.000000000000000000e+00 0.000000000000000000e+00
2.689527485514149330e+00 6.253121344521177960e+00 1.354256074619486772e-01 0.000000000000000000e+00 0.000000000000000000e+00
4.241678610951266748e+00 3.165666247849846737e+00 7.658160716679363045e-02 0.000000000000000000e+00 0.000000000000000000e+00
6.689573624375960037e+00 1.669925841076908890e+00 4.671987958565049920e-02 0.000000000000000000e+00 0.000000000000000000e+00
1.055017881216700637e+01 9.990456460620225076e-01 3.359459580906479226e-02 0.000000000000000000e+00 0.000000000000000000e+00
1.663877446009098549e+01 6.511330685787737327e-01 2.545517139992365188e-02 0.000000000000000000e+00 0.000000000000000000e+00
2.624113048486703903e+01 4.336588469131946733e-01 2.009113483730570748e-02 0.000000000000000000e+00 0.000000000000000000e+00
