3.632339904514145235e-02 8.024023676478454092e+01 2.872378396540554490e+00 0.000000000000000000e+00 0.000000000000000000e+00
5.728591880086483096e-02 1.106810350439551200e+02 2.485842849236664431e+00 0.000000000000000000e+00 0.000000000000000000e+00
9.034620892438266493e-02 1.213965522036814946e+02 2.227099119204656308e+00 0.000000000000000000e+00 0.000000000000000000e+00
1.424852091882507776e-01 1.093716032118093295e+02 1.878755333671685346e+00 0.000000000000000000e+00 0.000000000000000000e+00
2.247148376336003395e-01 8.804095866615439547e+01 1.483804504459871998e+00 0.000000000000000000e+00 0.000000000000000000e+00
3.543992394577979987e-01 6.530738885553844852e+01 1.119459461938079547e+00 0.000000000000000000e+00 0.000000000000000000e+00
5.589256054563807030e-01 4.579493405654569216e+01 8.003867155808955802e-01 0.000000000000000000e+00 0.000000000000000000e+00
8.814853551180069635e-01 3.034992371001966305e+01 5.516837088377812837e-01 0.000000000000000000e+00 0.000000000000000000e+00
1.390197230393255712e+00 1.833998953648942276e+01 3.636641379690767062e-01 0.000000000000000000e+00 0.000000000000000000e+00
2.192488615475436831e+00 1.001392358406267213e+01 2.289777256236701364e-01 0.000000000000000000e+00 0.000000000000000000e+00
3.457794023338822242e+00 5.049474678848336673e+00 1.412134935513758849e-01 0.000000000000000000e+00 0.000000000000000000e+00
5.453305122488917078e+00 2.651686755550702657e+00 9.278721258040549535e-02 0.000000000000000000e+00 0.000000000000000000e+00
8.600450101919822288e+00 1.534095416359817943e+00 6.632796002551288872e-02 0.000000000000000000e+00 0.000000000000000000e+00
1.356384114893665327e+01 9.995504242957155006e-01 5.013578787556446925e-02 0.000000000000000000e+00 0.000000000000000000e+00
2.139163111555928865e+01 6.798927983868399139e-01 3.988913460720175386e-02 0.000000000000000000e+00 0.000000000000000000e+00
