# R [Mpc/h comoving], X (lambda selected/mass selected), X error
3.633294161402900874e-02 9.765085081066569028e-01 4.623730956564111455e-02
5.730094835405788456e-02 9.807958999191671579e-01 4.554637338583301248e-02
9.036974537196872104e-02 9.875575769513235125e-01 4.445669287563050465e-02
1.425227873740090023e-01 9.982214673272353789e-01 4.273814976120708653e-02
2.247737319303953485e-01 1.010308051518233885e+00 4.045815000342585510e-02
3.544922990688775255e-01 1.015746535206702106e+00 3.885007540202517484e-02
5.590724014763991390e-01 1.034325456238029961e+00 3.832807774629158615e-02
8.817171795087638264e-01 1.052180299171176614e+00 3.788827735709774519e-02
1.390562622279090110e+00 1.066797662283083037e+00 3.579774000062958816e-02
2.193066497305874218e+00 1.103706721608262109e+00 4.294427126981508608e-02
3.458701236858190420e+00 1.223098792849595329e+00 6.080176117426562554e-02
5.454743055233453930e+00 1.237381962128235813e+00 8.540501953301930793e-02
8.602715227767312456e+00 1.330723095156652214e+00 9.556205148078256162e-02
1.356740519960059643e+01 1.299280386702439172e+00 1.035465724104007029e-01
2.139725411995564386e+01 1.327929431871992971e+00 1.252466626511264669e-01
