# R [Mpc/h comoving], X (lambda selected/mass selected), X error
4.059248290257386899e-02 9.125900529519457294e-01 1.820745075865373708e-02
6.401870212086664680e-02 9.187174858621380835e-01 1.735346379180831636e-02
1.009643640443680657e-01 9.283811051875363596e-01 1.600663469104118136e-02
1.592316380865998748e-01 9.436216700105095612e-01 1.388254065085476469e-02
2.511253827796111060e-01 9.603560480796885512e-01 1.190287655924031351e-02
3.960516806459540851e-01 9.689258074691509126e-01 1.099781030236080676e-02
6.246160065792444316e-01 9.728242584747375243e-01 1.060532215981815907e-02
9.850864792157474348e-01 9.791570956427815275e-01 1.070449311260819950e-02
1.553587102015075105e+00 9.792654401900233729e-01 1.150728250547103024e-02
2.450173598432854760e+00 9.694418130187612004e-01 1.364921819958960295e-02
3.864186729325171932e+00 9.759951011041567703e-01 1.781941406202965789e-02
6.094237195537215435e+00 1.011546266626144552e+00 2.356731746267819172e-02
9.611266120660594936e+00 1.042259751928779954e+00 2.919048163600621720e-02
1.515799820030061440e+01 1.048436510512966491e+00 3.402797438276163738e-02
2.390578999226842427e+01 1.008121558228394887e+00 3.822731640079888443e-02
