# R [Mpc/h comoving], X (lambda selected/mass selected), X error
3.629952661253210006e-02 1.057856851245362551e+00 1.188009743552634057e-01
5.724824931043610843e-02 1.051218862777099083e+00 1.164924396576223625e-01
9.028663332425844457e-02 1.040750042541306986e+00 1.128516326762245281e-01
1.423917107547790495e-01 1.024239589464548406e+00 1.071096893173741627e-01
2.245670100340868003e-01 1.000319433580707740e+00 9.946408028322627215e-02
3.541662764519954432e-01 9.759290115261058940e-01 9.436076874903462364e-02
5.585582288192365574e-01 9.575330666717766226e-01 9.428938292915786668e-02
8.809062740448979634e-01 9.354087199459548696e-01 9.589636938528842136e-02
1.389283737332238866e+00 9.633781332558516430e-01 9.457187338091452289e-02
2.191049558488511906e+00 1.016942747305578099e+00 1.033136588466941064e-01
3.455520307875485475e+00 1.048311178674302235e+00 1.052733236101430769e-01
5.449726388834895907e+00 1.023883551801587632e+00 1.045668901990744887e-01
8.594803406443647376e+00 9.362779092220633315e-01 1.256670828672426798e-01
1.355492740823787301e+01 1.040201065478775222e+00 1.449697644379160932e-01
2.137757530379911941e+01 1.148324537329726613e+00 1.596500990973118428e-01
