# R [Mpc/h comoving], X (lambda selected/mass selected), X error
4.049302987391470432e-02 8.767166639732562050e-01 6.564430863893538914e-02
6.386185402088639940e-02 8.897357180460078174e-01 6.302721388673832026e-02
1.007169977569951219e-01 9.102681635872018617e-01 5.889977458313358505e-02
1.588415149028547246e-01 9.426500338479950614e-01 5.239035982440555517e-02
2.505101166489196451e-01 9.659671236659947979e-01 4.742276979080963656e-02
3.950813399244877400e-01 9.745043955688810211e-01 4.620743162964845857e-02
6.230856751197868526e-01 9.935485562914633251e-01 4.509167233639996275e-02
9.826729822615368759e-01 1.028066662207541393e+00 4.540947121373209439e-02
1.549780758290004945e+00 1.080062783769443646e+00 4.760522019956954509e-02
2.444170585863021383e+00 1.136375569497892979e+00 5.231579217606718846e-02
3.854719334229919081e+00 1.228850904206998162e+00 6.166893049404749416e-02
6.079306097384924001e+00 1.314601446300545540e+00 7.418170448720760868e-02
9.587718176396059278e+00 1.316775477080859069e+00 8.657260910465335024e-02
1.512086056491505914e+01 1.284253595166761963e+00 1.006367602863388472e-01
2.384721995547300466e+01 1.254314113144185949e+00 1.162377517085583789e-01
