# R [Mpc/h comoving], X (lambda selected/mass selected), X error
3.629952661253210006e-02 1.066843172866501765e+00 6.447633900931712403e-02
5.724824931043610843e-02 1.062141502139459126e+00 6.400777257401915610e-02
9.028663332425844457e-02 1.054726462796649500e+00 6.326879301671610445e-02
1.423917107547790495e-01 1.043032149934802977e+00 6.210334294395412208e-02
2.245670100340868003e-01 1.029012686708432600e+00 6.051612516342004533e-02
3.541662764519954432e-01 1.025583476203121291e+00 5.919568676692305020e-02
5.585582288192365574e-01 1.033718228897558600e+00 5.846901187765121688e-02
8.809062740448979634e-01 1.059041463609867062e+00 5.890230200603642496e-02
1.389283737332238866e+00 1.089361539055101691e+00 6.086051711938163244e-02
2.191049558488511906e+00 1.091059175996071051e+00 6.197155140296303072e-02
3.455520307875485475e+00 1.111132756021230961e+00 6.511853995165778342e-02
5.449726388834895907e+00 1.135167440331191324e+00 6.915406831641876528e-02
8.594803406443647376e+00 1.160359756740352521e+00 7.787480377320092628e-02
1.355492740823787301e+01 1.122969410325814987e+00 8.392964002886389718e-02
2.137757530379911941e+01 1.095160518181318210e+00 9.319051539737677192e-02
