# R [Mpc/h comoving], X (lambda selected/mass selected), X error
4.462499449868210372e-02 1.171242876060653693e+00 1.665494297668647650e-01
7.037840569676750979e-02 1.188269924539036460e+00 1.583171981509327586e-01
1.109942991380105243e-01 1.215123407415443557e+00 1.453340853693069201e-01
1.750499221908917435e-01 1.257474231958465527e+00 1.248583231016132944e-01
2.760725145075815790e-01 1.313697984687453468e+00 1.097780783478132793e-01
4.353959848289755685e-01 1.270756121027501129e+00 1.036376408394547449e-01
6.866661968987409770e-01 1.194505237496503280e+00 9.240023113889735129e-02
1.082946288879054642e+00 1.130984789931593903e+00 7.990872851342195604e-02
1.707922524646803941e+00 1.175525620345842626e+00 7.578394408341244948e-02
2.693577123954379982e+00 1.249458231468592695e+00 8.004154185216380557e-02
4.248060212327692042e+00 1.252250972513993865e+00 7.640871047634414936e-02
6.699646877409119128e+00 1.322796550954020933e+00 9.985597861441160294e-02
1.056606216449629976e+01 1.401310323130660507e+00 1.527763238128377610e-01
1.666381403480390588e+01 1.395559135957771479e+00 1.883959008002921987e-01
2.628062317478946852e+01 1.233401062868899611e+00 2.085862194818692839e-01
