# R [Mpc/h comoving], X (lambda selected/mass selected), X error
4.455792816763769898e-02 9.329940468537818443e-01 2.019893518728545223e-02
7.027263489482429848e-02 9.400690258178718839e-01 1.890555479555708351e-02
1.108274872315070658e-01 9.512270269655369592e-01 1.686575510590129778e-02
1.747868419112673100e-01 9.688243923065800178e-01 1.364877207404960671e-02
2.756576086715534224e-01 9.771891879838621175e-01 1.124306818895162707e-02
4.347416337958385779e-01 9.833171301307443990e-01 1.018448255356668025e-02
6.856342150913353750e-01 9.865425433498675734e-01 9.597909214331850833e-03
1.081318742811448574e+00 1.001668678216648622e+00 9.474223079005241951e-03
1.705355709821996690e+00 1.020516269520049590e+00 1.039064781428916673e-02
2.689528981492556259e+00 1.029816549401976644e+00 1.297402250832127048e-02
4.241675857198977440e+00 1.036745507973516167e+00 1.761211731560876834e-02
6.689578064170963678e+00 1.061315078045275806e+00 2.329465624702237864e-02
1.055018256538551924e+01 1.142208413020305180e+00 3.021117604504175783e-02
1.663877020273007901e+01 1.184220709256838200e+00 3.673513043881464213e-02
2.624112636378267283e+01 1.154688988824187135e+00 4.318367814548924877e-02
