# R [Mpc/h comoving], X (lambda selected/mass selected), X error
4.057722624263503108e-02 1.051758166668039784e+00 1.721510810535054614e-01
6.399464073072384795e-02 1.076630806411894348e+00 1.609884742635421806e-01
1.009264166497269577e-01 1.115857628741121044e+00 1.433838453302943017e-01
1.591717909725511582e-01 1.177722537568457906e+00 1.156194560878091304e-01
2.510309974576717118e-01 1.206324524425729017e+00 8.878369412564769692e-02
3.959028248633619795e-01 1.175663359546837317e+00 7.766120760221373320e-02
6.243812450341670317e-01 1.142800082541682638e+00 7.545551204780963361e-02
9.847162350634048877e-01 1.109898018832983890e+00 7.422853575489304911e-02
1.553003187250420192e+00 1.097858614174466618e+00 6.943310183443651695e-02
2.449252702180409802e+00 1.115982068477073375e+00 6.487921446393715708e-02
3.862734377099983352e+00 1.147995237564519488e+00 7.491976178174175605e-02
6.091946680204559428e+00 1.133846103629248425e+00 9.946308872716860816e-02
9.607653732151705483e+00 1.108027075441805787e+00 1.247985038560351090e-01
1.515230107592291731e+01 1.183202033225725369e+00 1.355949898774434226e-01
2.389680501568158633e+01 1.212343772087157712e+00 1.356688159540359595e-01
