# R [Mpc/h comoving], X (lambda selected/mass selected), X error
4.461957434808599965e-02 9.183904846354500329e-01 1.589724292122568147e-02
7.036985753756042072e-02 9.258900142942282363e-01 1.482642501808170178e-02
1.109808177735107509e-01 9.377175774522701346e-01 1.313763025941670423e-02
1.750286606321897198e-01 9.563709139443427043e-01 1.047421967530089149e-02
2.760389827476141811e-01 9.711624372474207956e-01 8.537349651002947362e-03
4.353431016447147361e-01 9.783164174429759274e-01 7.672483773674443862e-03
6.865827944414799600e-01 9.783959371829271667e-01 7.307246569631502438e-03
1.082814754252795053e+00 9.762428271905936317e-01 7.485191978995466705e-03
1.707715080424254239e+00 9.621918489535524754e-01 8.488439383739471156e-03
2.693249962151492038e+00 9.352264942879566778e-01 1.073977156929610023e-02
4.247544243051935453e+00 9.245664982040401325e-01 1.429322274129756626e-02
6.698833138484908467e+00 9.588928201347822755e-01 1.907732089047984095e-02
1.056477881087838355e+01 9.866812235282904631e-01 2.373873318500597726e-02
1.666179004841267641e+01 1.005652982301069809e+00 2.855798833640917078e-02
2.627743113102639327e+01 9.868445737501627679e-01 3.311136356956780047e-02
