# R [Mpc/h comoving], X (lambda selected/mass selected), X error
3.632338794189429731e-02 9.998530819534239278e-01 2.103240162082736092e-02
5.728588118775469751e-02 1.000118346437562034e+00 2.083666439205572249e-02
9.034598283362671456e-02 1.000536696998528319e+00 2.052796577480753976e-02
1.424853113007319982e-01 1.001196480732597482e+00 2.004111492436395220e-02
2.247146281407222945e-01 1.002031304091135722e+00 1.941841149499499986e-02
3.543990860492557404e-01 1.003694129832005899e+00 1.908513722715731928e-02
5.589253945403791501e-01 1.012292639271628270e+00 1.909475685756227212e-02
8.814853337931579658e-01 1.029422410368670437e+00 1.928845351800596158e-02
1.390196976702765097e+00 1.034225887034418312e+00 1.985448758740244665e-02
2.192489834989141073e+00 1.026296149021830750e+00 2.191058551148747369e-02
3.457791778494485602e+00 1.053686383783712044e+00 2.618208907340375743e-02
5.453308741786378810e+00 1.096231581962659352e+00 3.250862317600626550e-02
8.600453161523750722e+00 1.098573896118671511e+00 3.851964709895240591e-02
1.356383767835850307e+01 1.060548340769855491e+00 4.501069147875019077e-02
2.139162775607305989e+01 1.076901953030272807e+00 5.301218261361828610e-02
