# R [Mpc/h comoving], X (lambda selected/mass selected), X error
3.632338794189429731e-02 7.697488218330006404e-01 3.193922664171763848e-02
5.728588118775469751e-02 7.778003384033357337e-01 3.191929645849843344e-02
9.034598283362671456e-02 7.904984441628343239e-01 3.188786442055716736e-02
1.424853113007319982e-01 8.105247197682878824e-01 3.183829272328396465e-02
2.247146281407222945e-01 8.377062791787142082e-01 3.201785120352704933e-02
3.543990860492557404e-01 8.597774531304286372e-01 3.297982036634140163e-02
5.589253945403791501e-01 8.762888799500135883e-01 3.372051143769649872e-02
8.814853337931579658e-01 9.063135834874131991e-01 3.536726566284013190e-02
1.390196976702765097e+00 9.515419181409835447e-01 3.796775895156350583e-02
2.192489834989141073e+00 1.000706727173259036e+00 4.334990149241906704e-02
3.457791778494485602e+00 1.038586564228718867e+00 5.172200969613558602e-02
5.453308741786378810e+00 1.017058933821703537e+00 6.520902806707797039e-02
8.600453161523750722e+00 1.016591162549729477e+00 7.332647032203747084e-02
1.356383767835850307e+01 1.083206165707452318e+00 8.990101862837457380e-02
2.139162775607305989e+01 1.208918560400394471e+00 1.071557229224188862e-01
