# R [Mpc/h comoving], X (lambda selected/mass selected), X error
4.455792816763769898e-02 1.010135660773739508e+00 7.409442623711950948e-02
7.027263489482429848e-02 1.013277102564077659e+00 7.032030956907150965e-02
1.108274872315070658e-01 1.018231493422316003e+00 6.436812252692727943e-02
1.747868419112673100e-01 1.026045099535180860e+00 5.498088474368360845e-02
2.756576086715534224e-01 1.049937933603450002e+00 4.799357491528806474e-02
4.347416337958385779e-01 1.057826039165167931e+00 4.672536564219577360e-02
6.856342150913353750e-01 1.070088786356756749e+00 4.606770025593021067e-02
1.081318742811448574e+00 1.088390823659080464e+00 4.459081648099032236e-02
1.705355709821996690e+00 1.137957163533388716e+00 4.690583946663140491e-02
2.689528981492556259e+00 1.219952198179982572e+00 5.302387034168813684e-02
4.241675857198977440e+00 1.313607271397235987e+00 7.064155116844798854e-02
6.689578064170963678e+00 1.417685294091594050e+00 9.032168734370346619e-02
1.055018256538551924e+01 1.431216600705965902e+00 1.030476957609779420e-01
1.663877020273007901e+01 1.451726056306727131e+00 1.201894278544561601e-01
2.624112636378267283e+01 1.524516740455053920e+00 1.390103563228738959e-01
