# R [Mpc/h comoving], X (lambda selected/mass selected), X error
4.460228856203844044e-02 1.001488394038436258e+00 2.275155483197336195e-02
7.034259599776844507e-02 1.006412499752079581e+00 2.154061445054815394e-02
1.109378233994172125e-01 1.014178342941569166e+00 1.963083150500497670e-02
1.749608538898780319e-01 1.026425911119611012e+00 1.661889883265080248e-02
2.759320442376378968e-01 1.036098605747501900e+00 1.438198117139270760e-02
4.351744481373189810e-01 1.039048104727613220e+00 1.326398343523565310e-02
6.863168097595988559e-01 1.048743752087151870e+00 1.266750593748118894e-02
1.082395267862693577e+00 1.066283381327913782e+00 1.251481997677052552e-02
1.707053505365735857e+00 1.105559321743424306e+00 1.319675693759816970e-02
2.692206587280742358e+00 1.139816389757602577e+00 1.470665321899128179e-02
4.245898728900676211e+00 1.176439658791928355e+00 1.762611092588722145e-02
6.696237986063757752e+00 1.204373292650824823e+00 2.201597420533330310e-02
1.056068597698579836e+01 1.209377892993588777e+00 2.634287271358636690e-02
1.665533521010114626e+01 1.203691500713862439e+00 3.054278681888371316e-02
2.626725115824433843e+01 1.200144451495412490e+00 3.713393296810470201e-02
