# R [Mpc/h comoving], X (lambda selected/mass selected), X error
3.632338794189429731e-02 8.053868748703920666e-01 2.663301597408714028e-02
5.728588118775469751e-02 8.151204808023742032e-01 2.670507021239332951e-02
9.034598283362671456e-02 8.304714220152349391e-01 2.681870747941493896e-02
1.424853113007319982e-01 8.546815038458970282e-01 2.699792564561448449e-02
2.247146281407222945e-01 8.866541832463794570e-01 2.748725087502217404e-02
3.543990860492557404e-01 9.113465320355016441e-01 2.870903427984248038e-02
5.589253945403791501e-01 9.338713712905208908e-01 2.957706675114202613e-02
8.814853337931579658e-01 9.598403942201676475e-01 3.109085306744661589e-02
1.390196976702765097e+00 1.007020152819828596e+00 3.391539472358914148e-02
2.192489834989141073e+00 1.061350485814479550e+00 3.983211214621351637e-02
3.457791778494485602e+00 1.107993312286859711e+00 4.920509625591845682e-02
5.453308741786378810e+00 1.056360111818146486e+00 6.287946149510703631e-02
8.600453161523750722e+00 1.041790593206326720e+00 6.863974624919444434e-02
1.356383767835850307e+01 1.148632811978437473e+00 8.763313526579509516e-02
2.139162775607305989e+01 1.302321077556043871e+00 1.061641232586827827e-01
