# R [Mpc/h comoving], X (lambda selected/mass selected), X error
4.059248290257386899e-02 8.634048186261207292e-01 4.595981296939444932e-02
6.401870212086664680e-02 8.678786806883398430e-01 4.410806108582825125e-02
1.009643640443680657e-01 8.749344413171855628e-01 4.118764962638876703e-02
1.592316380865998748e-01 8.860621330875639856e-01 3.658184732203239448e-02
2.511253827796111060e-01 9.120667835510793964e-01 3.322333096006199055e-02
3.960516806459540851e-01 9.479423489778776579e-01 3.308963497602131210e-02
6.246160065792444316e-01 9.888501310424036017e-01 3.413744094502857429e-02
9.850864792157474348e-01 1.048074530965363182e+00 3.688992916917226139e-02
1.553587102015075105e+00 1.098679378271303353e+00 4.084746467163019590e-02
2.450173598432854760e+00 1.108498895646868876e+00 4.557596347930970015e-02
3.864186729325171932e+00 1.179205117647530443e+00 5.668672692280392333e-02
6.094237195537215435e+00 1.323476665019664100e+00 7.455064369747450848e-02
9.611266120660594936e+00 1.291566038293423091e+00 8.145911958107079909e-02
1.515799820030061440e+01 1.232183698579086162e+00 8.673435257535319631e-02
2.390578999226842427e+01 1.254836778984337764e+00 1.066906958936831434e-01
