# R [Mpc/h comoving], X (lambda selected/mass selected), X error
4.057722624263503108e-02 1.093134860265120301e+00 3.458273877580602534e-02
6.399464073072384795e-02 1.092460976204276735e+00 3.304601460987866002e-02
1.009264166497269577e-01 1.091398188715798412e+00 3.062243567146877635e-02
1.591717909725511582e-01 1.089722058782924385e+00 2.680019157526863927e-02
2.510309974576717118e-01 1.083569237369990557e+00 2.336153497013454886e-02
3.959028248633619795e-01 1.070589760560232806e+00 2.195690689464933898e-02
6.243812450341670317e-01 1.058440045707792265e+00 2.121237424437873512e-02
9.847162350634048877e-01 1.066746849082379711e+00 2.101813273772623614e-02
1.553003187250420192e+00 1.100472535236964200e+00 2.168593161921729406e-02
2.449252702180409802e+00 1.132598181478608357e+00 2.334374804426641442e-02
3.862734377099983352e+00 1.169320592191024577e+00 2.651086035758397352e-02
6.091946680204559428e+00 1.231226057700805399e+00 3.144298373687416659e-02
9.607653732151705483e+00 1.264441559998509490e+00 3.654572120142181302e-02
1.515230107592291731e+01 1.254142151476100864e+00 4.209480951840648133e-02
2.389680501568158633e+01 1.266579233839230989e+00 4.797301628805310247e-02
