# R [Mpc/h comoving], X (lambda selected/mass selected), X error
4.460228856203844044e-02 1.551348063008231026e+00 2.745621613483462675e-01
7.034259599776844507e-02 1.508527760773977100e+00 2.549537896939098047e-01
1.109378233994172125e-01 1.440995548466601051e+00 2.240292831286557207e-01
1.749608538898780319e-01 1.334490001771035050e+00 1.752580173061785151e-01
2.759320442376378968e-01 1.282485098613046715e+00 1.478291700773636808e-01
4.351744481373189810e-01 1.218312578170420046e+00 1.307816875058799289e-01
6.863168097595988559e-01 1.136936341225549985e+00 1.256683881116356094e-01
1.082395267862693577e+00 1.122066048198644639e+00 1.223365411174761885e-01
1.707053505365735857e+00 1.226426264747196182e+00 1.209152904035959708e-01
2.692206587280742358e+00 1.288976665526263554e+00 1.385952193236898167e-01
4.245898728900676211e+00 1.298057651471883345e+00 1.642439420114163162e-01
6.696237986063757752e+00 1.535491753820348304e+00 2.009523781600671688e-01
1.056068597698579836e+01 1.754576781753380388e+00 2.360166224052439865e-01
1.665533521010114626e+01 1.700053612579178086e+00 2.451724320901936260e-01
2.626725115824433843e+01 1.513325354808597423e+00 2.359769585262307401e-01
