# R [Mpc/h comoving], X (lambda selected/mass selected), X error
3.634356345444027248e-02 1.050045207963010929e+00 6.378924579129174877e-02
5.731770013637423056e-02 1.050230954201009093e+00 6.319716509772517476e-02
9.039616473056469315e-02 1.050523895953527020e+00 6.226339029897918348e-02
1.425644535379694267e-01 1.050985896537186770e+00 6.079072722408503798e-02
2.248394439427771618e-01 1.053892863922759604e+00 5.910815134162476087e-02
3.545959339649377151e-01 1.067355883445844089e+00 5.862821955592501660e-02
5.592358448300892571e-01 1.085673825916533275e+00 5.750738652945792950e-02
8.819749472190721029e-01 1.091480424876100752e+00 5.605228498208673221e-02
1.390969149623135559e+00 1.118916816831882377e+00 5.541108054110910341e-02
2.193707634557934050e+00 1.138167282800557345e+00 5.701804062278302554e-02
3.459712379114669556e+00 1.171295986504488518e+00 6.398917003240206514e-02
5.456337735092647634e+00 1.190361687677216729e+00 7.414141935493695490e-02
8.605230209054090196e+00 1.247524052318703225e+00 8.761581040809988952e-02
1.357137159500991963e+01 1.278019641558482800e+00 1.023063044470961941e-01
2.140350955120906917e+01 1.262421272199536260e+00 1.120749913165933198e-01
