# R [Mpc/h comoving], X (lambda selected/mass selected), X error
3.633294161402900874e-02 9.289611580141228231e-01 5.587018436934543253e-02
5.730094835405788456e-02 9.317175244259814360e-01 5.532392050605391964e-02
9.036974537196872104e-02 9.360646100841880646e-01 5.446240376593761839e-02
1.425227873740090023e-01 9.429204307176421995e-01 5.310369940459025440e-02
2.247737319303953485e-01 9.528568898224676342e-01 5.143194037478009822e-02
3.544922990688775255e-01 9.671730754672415165e-01 5.084320654602685063e-02
5.590724014763991390e-01 9.918904932838203958e-01 5.127068351155670417e-02
8.817171795087638264e-01 1.011534727435754455e+00 5.136765332471807805e-02
1.390562622279090110e+00 1.032550934531454523e+00 5.074597798487549133e-02
2.193066497305874218e+00 1.062099023838189549e+00 5.574532359713996188e-02
3.458701236858190420e+00 1.153019657493071115e+00 7.075115020858474546e-02
5.454743055233453930e+00 1.144119171209953212e+00 9.065163646327202562e-02
8.602715227767312456e+00 1.233248892039440436e+00 1.032692942936118963e-01
1.356740519960059643e+01 1.188427850150915344e+00 1.087130564466227411e-01
2.139725411995564386e+01 1.173888387841099501e+00 1.313643881435554439e-01
