# R [Mpc/h comoving], X (lambda selected/mass selected), X error
4.455792816763769898e-02 1.008603205636988465e+00 7.396445575058983868e-02
7.027263489482429848e-02 1.011854168606071802e+00 7.020297564662639211e-02
1.108274872315070658e-01 1.016981286117538685e+00 6.427071782226127794e-02
1.747868419112673100e-01 1.025067300700412964e+00 5.491491055435625268e-02
2.756576086715534224e-01 1.049021006437804049e+00 4.793964920421790732e-02
4.347416337958385779e-01 1.056938785252987678e+00 4.667498028879099592e-02
6.856342150913353750e-01 1.069205376621318315e+00 4.601858622244540953e-02
1.081318742811448574e+00 1.087456955288882199e+00 4.453937850521953734e-02
1.705355709821996690e+00 1.136936555897130274e+00 4.684819553883723398e-02
2.689528981492556259e+00 1.218794066099471163e+00 5.295458419074937362e-02
4.241675857198977440e+00 1.312232003052908214e+00 7.054474590831308345e-02
6.689578064170963678e+00 1.415920129177643538e+00 9.017654470046065907e-02
1.055018256538551924e+01 1.429027001682429354e+00 1.028392995750081196e-01
1.663877020273007901e+01 1.450084566704687550e+00 1.200254588687756502e-01
2.624112636378267283e+01 1.522657937212358092e+00 1.387928308676654177e-01
