# R [Mpc/h comoving], X (lambda selected/mass selected), X error
3.634356345444027248e-02 9.326398438415015590e-01 7.440451098337144686e-02
5.731770013637423056e-02 9.376506479382439307e-01 7.208017802018301667e-02
9.039616473056469315e-02 9.455532237827747322e-01 6.841445547846997099e-02
1.425644535379694267e-01 9.580164340326331462e-01 6.263321760694287588e-02
2.248394439427771618e-01 9.791844650874792499e-01 5.694440208382252344e-02
3.545959339649377151e-01 1.000279484454560164e+00 5.878469466366215146e-02
5.592358448300892571e-01 9.742044751394056679e-01 5.770142242557577822e-02
8.819749472190721029e-01 9.848439673486533152e-01 6.123864187922857527e-02
1.390969149623135559e+00 1.075537623380335539e+00 6.803319667054669173e-02
2.193707634557934050e+00 1.095792262579925902e+00 7.212475522638672754e-02
3.459712379114669556e+00 1.116514377765861710e+00 9.112830300934106342e-02
5.456337735092647634e+00 1.078710264399939334e+00 1.038758935229776720e-01
8.605230209054090196e+00 1.088977618048237783e+00 1.553058860802176699e-01
1.357137159500991963e+01 1.235305404365395043e+00 1.475670772711547840e-01
2.140350955120906917e+01 1.131992518907977141e+00 1.667829222253756627e-01
