# R [Mpc/h comoving], X (lambda selected/mass selected), X error
4.062412016790076241e-02 1.031910806049227247e+00 3.719700125996157347e-02
6.406859748375297314e-02 1.028951230352292079e+00 3.528099093243625139e-02
1.010430543866538133e-01 1.024283661842107840e+00 3.225923701034318081e-02
1.593557412018163644e-01 1.016922405355299874e+00 2.749360676581406870e-02
2.513211067116598585e-01 1.011300466773176421e+00 2.308141743982140143e-02
3.963603582928432734e-01 1.010124964106939860e+00 2.122604682469800275e-02
6.251028243571812304e-01 1.015202766627118169e+00 2.021052083545348335e-02
9.858542430992152106e-01 1.029058009161431420e+00 1.946073069812323877e-02
1.554797948059473134e+00 1.048149334244373954e+00 1.972898669182883424e-02
2.452083232598781581e+00 1.071913612536804505e+00 2.191302674615699247e-02
3.867198427356103529e+00 1.105875429439841628e+00 2.714979614742173489e-02
6.098986966562136125e+00 1.159311193545904617e+00 3.543950385464497005e-02
9.618757019335516745e+00 1.207156153749412875e+00 4.446461418070656035e-02
1.516981215147079531e+01 1.251564769430812740e+00 5.392293941971069288e-02
2.392442186119473746e+01 1.239410399436336796e+00 6.305209153425347934e-02
