# R [Mpc/h comoving], X (lambda selected/mass selected), X error
4.049302987391470432e-02 8.832429944493844776e-01 6.062122610122114286e-02
6.386185402088639940e-02 8.955563206551773181e-01 5.753833368026087247e-02
1.007169977569951219e-01 9.149757576080166377e-01 5.267628146133593314e-02
1.588415149028547246e-01 9.456022938714567783e-01 4.500830329290221588e-02
2.505101166489196451e-01 9.684801830363984898e-01 3.928173134725837512e-02
3.950813399244877400e-01 9.798522153234421328e-01 3.801294127497054087e-02
6.230856751197868526e-01 1.005253735605663890e+00 3.666453488313069220e-02
9.826729822615368759e-01 1.046169349565164275e+00 3.650264872783659520e-02
1.549780758290004945e+00 1.100280369298830552e+00 3.797023665947948934e-02
2.444170585863021383e+00 1.154988636490683618e+00 4.237072062695189378e-02
3.854719334229919081e+00 1.249347405208000028e+00 5.171240057593716466e-02
6.079306097384924001e+00 1.342750046550466259e+00 6.433866980782312894e-02
9.587718176396059278e+00 1.341849648176423049e+00 7.757173694245633744e-02
1.512086056491505914e+01 1.317578522225003823e+00 9.375612237644979918e-02
2.384721995547300466e+01 1.290864423716982401e+00 1.100341416916457427e-01
