# R [Mpc/h comoving], X (lambda selected/mass selected), X error
4.057722624263503108e-02 1.082604974156069710e+00 1.758208174747765140e-01
6.399464073072384795e-02 1.100374049900070483e+00 1.655066028025477531e-01
1.009264166497269577e-01 1.128397789412348473e+00 1.492399792925525881e-01
1.591717909725511582e-01 1.172594234267796187e+00 1.235857682038134508e-01
2.510309974576717118e-01 1.189328830351378485e+00 9.907666083209168417e-02
3.959028248633619795e-01 1.157157175791848625e+00 8.878581045415720463e-02
6.243812450341670317e-01 1.117445102150268710e+00 8.600330354407957623e-02
9.847162350634048877e-01 1.084687144927410918e+00 8.477155585195994547e-02
1.553003187250420192e+00 1.080999501714541955e+00 8.121087788879206848e-02
2.449252702180409802e+00 1.097122346252097369e+00 7.774686194880012224e-02
3.862734377099983352e+00 1.125074048706702801e+00 8.630614874783644475e-02
6.091946680204559428e+00 1.110802747271110391e+00 1.069767340337181571e-01
9.607653732151705483e+00 1.083610202658821908e+00 1.289238177860374812e-01
1.515230107592291731e+01 1.141459243887344099e+00 1.406500446562956030e-01
2.389680501568158633e+01 1.158833832194670066e+00 1.432254395121043689e-01
