# R [Mpc/h comoving], X (lambda selected/mass selected), X error
4.062412016790076241e-02 1.458855404248994070e+00 1.453239318340888986e-01
6.406859748375297314e-02 1.414436998584909233e+00 1.355098063570899791e-01
1.010430543866538133e-01 1.344384405652424341e+00 1.200318771799869788e-01
1.593557412018163644e-01 1.233903948211504620e+00 9.562152170074629531e-02
2.513211067116598585e-01 1.140403550138328725e+00 7.322395716173793478e-02
3.963603582928432734e-01 1.132146944520980636e+00 6.318262814541669714e-02
6.251028243571812304e-01 1.114700599368833256e+00 5.862538507930752096e-02
9.858542430992152106e-01 1.056155758409682566e+00 5.863854961399993931e-02
1.554797948059473134e+00 1.051871619783619538e+00 6.727167362996125388e-02
2.452083232598781581e+00 1.106330139113220312e+00 8.541066678904829512e-02
3.867198427356103529e+00 1.122635324887085062e+00 9.937951756875734732e-02
6.098986966562136125e+00 1.060047978183487949e+00 1.061157175096468647e-01
9.618757019335516745e+00 1.174469246318853299e+00 1.203314174860056762e-01
1.516981215147079531e+01 1.364801868106977789e+00 1.495276709722312414e-01
2.392442186119473746e+01 1.409600725658183951e+00 1.625642899617459336e-01
