# R [Mpc/h comoving], X (lambda selected/mass selected), X error
4.462499449868210372e-02 1.008254668185905922e+00 2.608068444598325014e-02
7.037840569676750979e-02 1.007299280706543065e+00 2.444097371688800507e-02
1.109942991380105243e-01 1.005792532114737847e+00 2.185497391534146905e-02
1.750499221908917435e-01 1.003416227873843658e+00 1.777657468617456146e-02
2.760725145075815790e-01 1.006191824282919756e+00 1.457519944767744421e-02
4.353959848289755685e-01 1.007030612400895642e+00 1.306487460649509956e-02
6.866661968987409770e-01 1.005477332796965273e+00 1.224723772910612206e-02
1.082946288879054642e+00 1.026032281168856475e+00 1.184280303015917968e-02
1.707922524646803941e+00 1.057609641747937701e+00 1.238777345811955567e-02
2.693577123954379982e+00 1.093869116861124091e+00 1.510527206695881641e-02
4.248060212327692042e+00 1.116877158758997179e+00 1.995020354259076367e-02
6.699646877409119128e+00 1.164591989558288798e+00 2.751735907607084225e-02
1.056606216449629976e+01 1.196424722185753353e+00 3.508870909038148272e-02
1.666381403480390588e+01 1.205111613017392003e+00 4.131076791820637029e-02
2.628062317478946852e+01 1.196048153363491018e+00 4.961718166654067314e-02
