# R [Mpc/h comoving], X (lambda selected/mass selected), X error
4.049302987391470432e-02 9.599792698128841728e-01 2.467308144927712887e-02
6.386185402088639940e-02 9.617453417192274312e-01 2.350765127094334161e-02
1.007169977569951219e-01 9.645306266589925848e-01 2.166964280005258259e-02
1.588415149028547246e-01 9.689233199393844087e-01 1.877090617741243236e-02
2.505101166489196451e-01 9.785888435842655664e-01 1.602276357226897416e-02
3.950813399244877400e-01 9.919947356405951489e-01 1.474467656370838375e-02
6.230856751197868526e-01 1.005454762189075479e+00 1.418229645420100021e-02
9.826729822615368759e-01 1.022496336859138433e+00 1.411146634445340289e-02
1.549780758290004945e+00 1.037552718286488762e+00 1.468049832934844451e-02
2.444170585863021383e+00 1.044959006463744844e+00 1.679478328812191931e-02
3.854719334229919081e+00 1.071878503821071638e+00 2.132584685223287008e-02
6.079306097384924001e+00 1.110822386962980080e+00 2.788576899598171899e-02
9.587718176396059278e+00 1.102996374461778561e+00 3.493941625438596460e-02
1.512086056491505914e+01 1.123506691008614444e+00 4.200087878165803534e-02
2.384721995547300466e+01 1.197673204358197463e+00 5.057070335961239005e-02
