# R [Mpc/h comoving], X (lambda selected/mass selected), X error
3.634356345444027248e-02 8.671884703237229264e-01 9.737835655319430905e-02
5.731770013637423056e-02 8.821364602213439543e-01 9.628088908598199380e-02
9.039616473056469315e-02 9.057110445811704658e-01 9.455006510462000968e-02
1.425644535379694267e-01 9.428906942561421367e-01 9.182036992552956856e-02
2.248394439427771618e-01 9.896660684643854289e-01 8.960290933037481920e-02
3.545959339649377151e-01 1.006753950510909990e+00 9.119654296844398322e-02
5.592358448300892571e-01 9.823435663224607817e-01 8.632636733648046956e-02
8.819749472190721029e-01 9.796248158960078056e-01 8.629803961250942512e-02
1.390969149623135559e+00 1.049375656685995972e+00 9.378956614511363421e-02
2.193707634557934050e+00 1.081742144055978683e+00 9.713977609295389171e-02
3.459712379114669556e+00 1.146634342084994485e+00 1.121805990763052319e-01
5.456337735092647634e+00 1.100414526273933546e+00 1.192063704730198931e-01
8.605230209054090196e+00 1.114668710994829670e+00 1.613058836628239179e-01
1.357137159500991963e+01 1.297645033617404353e+00 1.746336490404381270e-01
2.140350955120906917e+01 1.160366899996395640e+00 1.809506385881531620e-01
