# R [Mpc/h comoving], X (lambda selected/mass selected), X error
4.460228856203844044e-02 1.553060311991751208e+00 2.748706090397681212e-01
7.034259599776844507e-02 1.510176514919184143e+00 2.552390316602970444e-01
1.109378233994172125e-01 1.442544164437211229e+00 2.242779271761117243e-01
1.749608538898780319e-01 1.335880689092987739e+00 1.754489425076125597e-01
2.759320442376378968e-01 1.283723743008805762e+00 1.479793150453918016e-01
4.351744481373189810e-01 1.219446449148082090e+00 1.309099376524530123e-01
6.863168097595988559e-01 1.137997115233625012e+00 1.257915332391803254e-01
1.082395267862693577e+00 1.123102290270246106e+00 1.224554724984167897e-01
1.707053505365735857e+00 1.227525620044612964e+00 1.210308185539589743e-01
2.692206587280742358e+00 1.290091101436788179e+00 1.387215689262075724e-01
4.245898728900676211e+00 1.299131507801200236e+00 1.643851649544354476e-01
6.696237986063757752e+00 1.536717372310269614e+00 2.011188823813750415e-01
1.056068597698579836e+01 1.755952401183636269e+00 2.362083484628794694e-01
1.665533521010114626e+01 1.701367850598983322e+00 2.453680686519937038e-01
2.626725115824433843e+01 1.514499585622655076e+00 2.361657408633536515e-01
