# R [Mpc/h comoving], X (lambda selected/mass selected), X error
4.059248290257386899e-02 8.907686512586228123e-01 4.444221056947600390e-02
6.401870212086664680e-02 8.983979048547953150e-01 4.247806431380646286e-02
1.009643640443680657e-01 9.104300565847145421e-01 3.938039486684712098e-02
1.592316380865998748e-01 9.294060512120820849e-01 3.449503769197899417e-02
2.511253827796111060e-01 9.605838714089980357e-01 3.081097476744801625e-02
3.960516806459540851e-01 9.957657216554471891e-01 3.042709692101370350e-02
6.246160065792444316e-01 1.036227328884095744e+00 3.125299788423679254e-02
9.850864792157474348e-01 1.095310288731768278e+00 3.384876159994164302e-02
1.553587102015075105e+00 1.143023791104452069e+00 3.785025507511873694e-02
2.450173598432854760e+00 1.151799429482198267e+00 4.304195266788454766e-02
3.864186729325171932e+00 1.234605806214070789e+00 5.522582685415421827e-02
6.094237195537215435e+00 1.381809223773376560e+00 7.324553958525478747e-02
9.611266120660594936e+00 1.326290236495580865e+00 7.867433093576813030e-02
1.515799820030061440e+01 1.250909846792120028e+00 8.332155335756796788e-02
2.390578999226842427e+01 1.276793499932007858e+00 1.046041206307729843e-01
