# R [Mpc/h comoving], X (lambda selected/mass selected), X error
4.461957434808599965e-02 9.310551477803898912e-01 5.412738197291267622e-02
7.036985753756042072e-02 9.368130478521797810e-01 5.147472265298155131e-02
1.109808177735107509e-01 9.458938742313482972e-01 4.729119420909710242e-02
1.750286606321897198e-01 9.602153120299323774e-01 4.069332085638752150e-02
2.760389827476141811e-01 9.725662021119702016e-01 3.627158184711051780e-02
4.353431016447147361e-01 1.002948208511503569e+00 3.604547275529878386e-02
6.865827944414799600e-01 1.034691132409622627e+00 3.722152927044779930e-02
1.082814754252795053e+00 1.088583652635257470e+00 4.154916499885276393e-02
1.707715080424254239e+00 1.157330366849727010e+00 4.789416581027349656e-02
2.693249962151492038e+00 1.220517170819677366e+00 5.762478918996138955e-02
4.247544243051935453e+00 1.310649125321730502e+00 6.858309502886682230e-02
6.698833138484908467e+00 1.462492914746786443e+00 8.822266824998219181e-02
1.056477881087838355e+01 1.506685651557892136e+00 1.011898748892066380e-01
1.666179004841267641e+01 1.506536930251260120e+00 1.204363457062332110e-01
2.627743113102639327e+01 1.487405820344850804e+00 1.374897779826222410e-01
