# R [Mpc/h comoving], X (lambda selected/mass selected), X error
4.062412016790076241e-02 1.314252912212946711e+00 1.552523078101092913e-01
6.406859748375297314e-02 1.281097552639365755e+00 1.470542852271899403e-01
1.010430543866538133e-01 1.228807992196716548e+00 1.341251237621056136e-01
1.593557412018163644e-01 1.146341743407664371e+00 1.137344485109166858e-01
2.513211067116598585e-01 1.073997388327234681e+00 9.497649865730860286e-02
3.963603582928432734e-01 1.063509450689454905e+00 8.699548184428110287e-02
6.251028243571812304e-01 1.042198845895735637e+00 8.236071097057602597e-02
9.858542430992152106e-01 9.880421910423762277e-01 7.989621407646416151e-02
1.554797948059473134e+00 9.850733325016248765e-01 8.606856967659415325e-02
2.452083232598781581e+00 1.032457872663420817e+00 1.016186221699131864e-01
3.867198427356103529e+00 1.045495129136391421e+00 1.132747369850938823e-01
6.098986966562136125e+00 9.889091365894436825e-01 1.173430507482301766e-01
9.618757019335516745e+00 1.085929440448317962e+00 1.337994109666023612e-01
1.516981215147079531e+01 1.262116352456821522e+00 1.657045462056404017e-01
2.392442186119473746e+01 1.315861971991257429e+00 1.787373910599577287e-01
