# R [Mpc/h comoving], X (lambda selected/mass selected), X error
3.633294161402900874e-02 1.051304085042455094e+00 4.137783115638583864e-02
5.730094835405788456e-02 1.050197940919799011e+00 4.045430282288521584e-02
9.036974537196872104e-02 1.048453432921581552e+00 3.899779952338376654e-02
1.425227873740090023e-01 1.045702156579274122e+00 3.670073750102269272e-02
2.247737319303953485e-01 1.041247729370285091e+00 3.386123893995103551e-02
3.544922990688775255e-01 1.037048170745437758e+00 3.267839654555055456e-02
5.590724014763991390e-01 1.042604589695932615e+00 3.250090079210685851e-02
8.817171795087638264e-01 1.050417904079209208e+00 3.160933400834147616e-02
1.390562622279090110e+00 1.058562702211310658e+00 3.170393993067666810e-02
2.193066497305874218e+00 1.075030627920743331e+00 3.369827363498613393e-02
3.458701236858190420e+00 1.124087209091092499e+00 3.887055178734667021e-02
5.454743055233453930e+00 1.173659060959643119e+00 4.900159205807209234e-02
8.602715227767312456e+00 1.216000885591620007e+00 5.935913469803701104e-02
1.356740519960059643e+01 1.179510818272861972e+00 7.152266138952378949e-02
2.139725411995564386e+01 1.140987796461479631e+00 8.336145745098878790e-02
