# R [Mpc/h comoving], X (lambda selected/mass selected), X error
3.629952661253210006e-02 1.163639385456077147e+00 1.017554768058986370e-01
5.724824931043610843e-02 1.156683642019479263e+00 9.849450051516123184e-02
9.028663332425844457e-02 1.145713688095609584e+00 9.335159092076711351e-02
1.423917107547790495e-01 1.128412893408637707e+00 8.524067052823336432e-02
2.245670100340868003e-01 1.098723319838881718e+00 7.401407671482468364e-02
3.541662764519954432e-01 1.059691462473498769e+00 6.735760010257556274e-02
5.585582288192365574e-01 1.055718012803262384e+00 7.704316781926080770e-02
8.809062740448979634e-01 1.047942513386138197e+00 8.530185565089572208e-02
1.389283737332238866e+00 1.109034272259942222e+00 8.029700038721965250e-02
2.191049558488511906e+00 1.159269134554905323e+00 8.810965574213100449e-02
3.455520307875485475e+00 1.188606819566018880e+00 8.255378082272896156e-02
5.449726388834895907e+00 1.152582390092765863e+00 7.331794755320970858e-02
8.594803406443647376e+00 9.551123562532004563e-01 9.652470658282935601e-02
1.355492740823787301e+01 1.151170847877321934e+00 1.316397412367050213e-01
2.137757530379911941e+01 1.383982660288322064e+00 1.488459454021229811e-01
