# R [Mpc/h comoving], X (lambda selected/mass selected), X error
4.461957434808599965e-02 9.318761148932142024e-01 5.417902626443612396e-02
7.036985753756042072e-02 9.371677371045920024e-01 5.149070416362060143e-02
1.109808177735107509e-01 9.455131932546734230e-01 4.725093168677765854e-02
1.750286606321897198e-01 9.586748732784625693e-01 4.056435545770822881e-02
2.760389827476141811e-01 9.700847594103706450e-01 3.608725224516520780e-02
4.353431016447147361e-01 1.000050906869446976e+00 3.584006064952171416e-02
6.865827944414799600e-01 1.031689897978894432e+00 3.702510851010591686e-02
1.082814754252795053e+00 1.085084523440187798e+00 4.132128114745897002e-02
1.707715080424254239e+00 1.153113439006387519e+00 4.759580064320471926e-02
2.693249962151492038e+00 1.215351858039611210e+00 5.718729364602212484e-02
4.247544243051935453e+00 1.303299729772494864e+00 6.784783278913762705e-02
6.698833138484908467e+00 1.457114269552125307e+00 8.777518544999658723e-02
1.056477881087838355e+01 1.504298032172805888e+00 1.010132537496841731e-01
1.666179004841267641e+01 1.493808967096837970e+00 1.182193859341064135e-01
2.627743113102639327e+01 1.474547559723261791e+00 1.354197690624892036e-01
