# R [Mpc/h comoving], X_Sigma (lambda selected/mass selected), X error
4.461957434808599965e-02 1.104090368525185717e+00 3.128659186259333258e-02
7.036985753756042072e-02 1.114278296241995925e+00 3.152831293407593050e-02
1.109808177735107509e-01 1.130345751669563192e+00 3.190953300648989577e-02
1.750286606321897198e-01 1.155685853316622769e+00 3.251075797508666543e-02
2.760389827476141811e-01 1.187940975337168359e+00 3.329864432603001773e-02
4.353431016447147361e-01 1.217762194799554720e+00 3.300822326668217954e-02
6.865827944414799600e-01 1.246308561230782930e+00 3.066534170241905222e-02
1.082814754252795053e+00 1.241487963693787000e+00 2.608920678341836857e-02
1.707715080424254239e+00 1.205774355330384573e+00 2.197450213659632792e-02
2.693249962151492038e+00 1.168975166003533683e+00 1.941239593278485179e-02
4.247544243051935453e+00 1.127621608174236290e+00 1.634225976636554528e-02
6.698833138484908467e+00 1.084803304593928264e+00 1.303647501700074852e-02
1.056477881087838355e+01 1.051044935032214411e+00 1.047648047355141492e-02
1.666179004841267641e+01 1.028963011594994592e+00 8.748670205081241977e-03
2.627743113102639327e+01 1.011085134640550720e+00 7.569795046928545074e-03
