# R [Mpc/h comoving], X_Sigma (lambda selected/mass selected), X error
3.629952661253210006e-02 1.121430029902813041e+00 3.696866221352383686e-02
5.724824931043610843e-02 1.114700140115214788e+00 3.934531433244715243e-02
9.028663332425844457e-02 1.104086381635534408e+00 4.309354979790154527e-02
1.423917107547790495e-01 1.087347345392683851e+00 4.900491940585861850e-02
2.245670100340868003e-01 1.072637468300553509e+00 5.822944759416152916e-02
3.541662764519954432e-01 1.090980607569933980e+00 7.038340847574853232e-02
5.585582288192365574e-01 1.112079254004812556e+00 7.902054734798572011e-02
8.809062740448979634e-01 1.120441093326847160e+00 8.271622543640468062e-02
1.389283737332238866e+00 1.110812997872401731e+00 8.391132997684808137e-02
2.191049558488511906e+00 1.046215809849541545e+00 5.388588176866564855e-02
3.455520307875485475e+00 1.062620599137196642e+00 6.420756896830853711e-02
5.449726388834895907e+00 9.807154953655705665e-01 4.892164103460677066e-02
8.594803406443647376e+00 1.026375721822316844e+00 4.074345227873280711e-02
1.355492740823787301e+01 1.034054673499414712e+00 3.445348142792131058e-02
2.137757530379911941e+01 9.898094026642431098e-01 3.428322116724995261e-02
