# R [Mpc/h comoving], X_Sigma (lambda selected/mass selected), X error
3.632338794189429731e-02 1.093351581261713168e+00 3.190500106576595746e-02
5.728588118775469751e-02 1.097238855016351433e+00 3.197179332166708021e-02
9.034598283362671456e-02 1.103369502928621237e+00 3.207713187769428015e-02
1.424853113007319982e-01 1.113038192657344272e+00 3.224326208599744698e-02
2.247146281407222945e-01 1.126651812834500443e+00 3.235378734462916045e-02
3.543990860492557404e-01 1.140865657201379335e+00 3.192820840296213547e-02
5.589253945403791501e-01 1.154277123934317251e+00 3.127003707019998524e-02
8.814853337931579658e-01 1.155913151759571544e+00 3.132194985085215433e-02
1.390196976702765097e+00 1.140620152761137707e+00 3.203184577875797800e-02
2.192489834989141073e+00 1.129049652738554066e+00 3.235495649371903509e-02
3.457791778494485602e+00 1.105864078425387032e+00 2.898279988667470594e-02
5.453308741786378810e+00 1.072243298868845285e+00 2.519058842591849479e-02
8.600453161523750722e+00 1.049940247981780317e+00 2.224252219695609101e-02
1.356383767835850307e+01 1.030406092150300656e+00 1.997892530464662197e-02
2.139162775607305989e+01 1.011635897167083131e+00 1.816161886203173162e-02
