# R [Mpc/h comoving], X_Sigma (lambda selected/mass selected), X error
4.455792816763769898e-02 1.185370526525578727e+00 6.093026339588726581e-02
7.027263489482429848e-02 1.189855984207123019e+00 6.021991557355335645e-02
1.108274872315070658e-01 1.196930032372141905e+00 5.909962081973536147e-02
1.747868419112673100e-01 1.208086565549773450e+00 5.733279575746018375e-02
2.756576086715534224e-01 1.217386671731686798e+00 5.549745306545882106e-02
4.347416337958385779e-01 1.240792762610112954e+00 5.420114130468707547e-02
6.856342150913353750e-01 1.273834899882632987e+00 5.193831993053334151e-02
1.081318742811448574e+00 1.294891197829474816e+00 4.956576284139413424e-02
1.705355709821996690e+00 1.271695382949386666e+00 4.774616560889345662e-02
2.689528981492556259e+00 1.213137675126797710e+00 4.513810449622963905e-02
4.241675857198977440e+00 1.152212278260275946e+00 4.069377812851397019e-02
6.689578064170963678e+00 1.099446118615299950e+00 3.604232854653099949e-02
1.055018256538551924e+01 1.060843702076146755e+00 3.211322031443962499e-02
1.663877020273007901e+01 1.035146707638449959e+00 2.920992081261761936e-02
2.624112636378267283e+01 1.015316476322494665e+00 2.756263102779026031e-02
