# R [Mpc/h comoving], X_Sigma (lambda selected/mass selected), X error
4.062412016790076241e-02 1.211135014169709700e+00 8.113632173914020473e-02
6.406859748375297314e-02 1.206005133314795419e+00 7.922930413232122382e-02
1.010430543866538133e-01 1.197914760642729171e+00 7.622173269592481815e-02
1.593557412018163644e-01 1.185155374640574522e+00 7.147846975347295351e-02
2.513211067116598585e-01 1.176404611035945180e+00 6.816260980829974558e-02
3.963603582928432734e-01 1.173678164837805848e+00 6.757646930139002417e-02
6.251028243571812304e-01 1.178826511251301890e+00 6.783606369452202522e-02
9.858542430992152106e-01 1.192627201719338226e+00 6.942013060179458295e-02
1.554797948059473134e+00 1.183853702285729170e+00 7.255269541844720782e-02
2.452083232598781581e+00 1.151507455520208278e+00 7.756063479284966422e-02
3.867198427356103529e+00 1.121974191994885350e+00 7.634823864412122740e-02
6.098986966562136125e+00 1.099722442712476767e+00 6.894568217811392064e-02
9.618757019335516745e+00 1.067296908102928210e+00 6.154533075700648059e-02
1.516981215147079531e+01 1.043033710140134795e+00 5.564209511088249321e-02
2.392442186119473746e+01 1.027715521871149118e+00 5.169649376268017904e-02
