# R [Mpc/h comoving], X_Sigma (lambda selected/mass selected), X error
3.633294161402900874e-02 1.109150365746738753e+00 4.585234723479966745e-02
5.730094835405788456e-02 1.111382889623028669e+00 4.574396949463947065e-02
9.036974537196872104e-02 1.114903819381303451e+00 4.557304616677849973e-02
1.425227873740090023e-01 1.120456703493479589e+00 4.530348173441543780e-02
2.247737319303953485e-01 1.129961878110381956e+00 4.499452033983182553e-02
3.544922990688775255e-01 1.145481934284842795e+00 4.497856247537954100e-02
5.590724014763991390e-01 1.159609440242824085e+00 4.536658013335792550e-02
8.817171795087638264e-01 1.164974889533017866e+00 4.653140206212610236e-02
1.390562622279090110e+00 1.143004900555646408e+00 4.769323242363035509e-02
2.193066497305874218e+00 1.119438962546144500e+00 4.952269614027812739e-02
3.458701236858190420e+00 1.089931763486946537e+00 4.588827429919632717e-02
5.454743055233453930e+00 1.058521834540210982e+00 4.089027337627583469e-02
8.602715227767312456e+00 1.036924059153029543e+00 3.600627558043106857e-02
1.356740519960059643e+01 1.019465138734736431e+00 3.138136406333487394e-02
2.139725411995564386e+01 1.013127623789737530e+00 2.905097158045660474e-02
