# R [Mpc/h comoving], X_Sigma (lambda selected/mass selected), X error
4.049302987391470432e-02 1.127759162800390680e+00 4.414808584614535875e-02
6.386185402088639940e-02 1.131819145399001858e+00 4.387471039453953725e-02
1.007169977569951219e-01 1.138222173694172223e+00 4.344356796736859039e-02
1.588415149028547246e-01 1.148320436519922660e+00 4.276361008740914293e-02
2.505101166489196451e-01 1.161666633321690068e+00 4.188513143790954796e-02
3.950813399244877400e-01 1.178221651690772198e+00 4.074991459364082913e-02
6.230856751197868526e-01 1.203757405953094217e+00 3.963282812091874219e-02
9.826729822615368759e-01 1.221169595385729112e+00 3.920516833250295430e-02
1.549780758290004945e+00 1.204645855887786166e+00 3.997319184178330098e-02
2.444170585863021383e+00 1.171422128457547673e+00 4.075275888186483814e-02
3.854719334229919081e+00 1.135315403902855458e+00 3.882797053675056398e-02
6.079306097384924001e+00 1.094045914016117615e+00 3.473931085885129111e-02
9.587718176396059278e+00 1.054472279377058008e+00 3.003472373071502596e-02
1.512086056491505914e+01 1.029790681603852898e+00 2.740913329194501202e-02
2.384721995547300466e+01 1.014807578115118236e+00 2.581050364046019729e-02
