# R [Mpc/h comoving], X_Sigma (lambda selected/mass selected), X error
4.462499449868210372e-02 1.252081625536063614e+00 9.557857184961647545e-02
7.037840569676750979e-02 1.240583597729195908e+00 9.387073102454326912e-02
1.109942991380105243e-01 1.222449973853267480e+00 9.117728274958476764e-02
1.750499221908917435e-01 1.193851302811854698e+00 8.692942574595234617e-02
2.760725145075815790e-01 1.170673807090361063e+00 8.200101643736823487e-02
4.353959848289755685e-01 1.163909771087574763e+00 8.024096063946761781e-02
6.866661968987409770e-01 1.165839276566943195e+00 8.189366120612692757e-02
1.082946288879054642e+00 1.173092162390849680e+00 8.255064623932770185e-02
1.707922524646803941e+00 1.176633356727377677e+00 8.031673035384381820e-02
2.693577123954379982e+00 1.142249537881736554e+00 7.799045750783148434e-02
4.248060212327692042e+00 1.105518187922232221e+00 7.367920467705429965e-02
6.699646877409119128e+00 1.084498525580490425e+00 6.967719060898713845e-02
1.056606216449629976e+01 1.059901214253571533e+00 6.382274549867264501e-02
1.666381403480390588e+01 1.028260114493349420e+00 5.734351661478559459e-02
2.628062317478946852e+01 1.012303059810128802e+00 5.432212082265927555e-02
