# R [Mpc/h comoving], X_Sigma (lambda selected/mass selected), X error
4.059248290257386899e-02 1.128652464148909296e+00 2.729387535224016975e-02
6.401870212086664680e-02 1.130718963223330098e+00 2.738849371167713723e-02
1.009643640443680657e-01 1.133978054050465367e+00 2.753771701941366834e-02
1.592316380865998748e-01 1.139117990066401020e+00 2.777305819108830814e-02
2.511253827796111060e-01 1.151900037577414659e+00 2.798062817160979626e-02
3.960516806459540851e-01 1.180064763917204385e+00 2.813091366362691081e-02
6.246160065792444316e-01 1.212488723463115869e+00 2.772500861522169541e-02
9.850864792157474348e-01 1.221224347476762340e+00 2.605905899016536936e-02
1.553587102015075105e+00 1.202237546345124697e+00 2.421769024565476741e-02
2.450173598432854760e+00 1.168352440689931715e+00 2.215873781407849685e-02
3.864186729325171932e+00 1.119685911075628759e+00 1.895197749190834224e-02
6.094237195537215435e+00 1.076796735456682530e+00 1.630183914003619644e-02
9.611266120660594936e+00 1.047540131086474258e+00 1.388178487514473911e-02
1.515799820030061440e+01 1.022069168533544570e+00 1.104749856045801615e-02
2.390578999226842427e+01 1.010896914511675071e+00 8.958080636609085101e-03
