# R [Mpc/h comoving], X_Sigma (lambda selected/mass selected), X error
4.460228856203844044e-02 1.228545987465820888e+00 1.185263927672429440e-01
7.034259599776844507e-02 1.221248403515521330e+00 1.179201923718691952e-01
1.109378233994172125e-01 1.209739330413550196e+00 1.169641492879778810e-01
1.749608538898780319e-01 1.191588286921808404e+00 1.154563667374684383e-01
2.759320442376378968e-01 1.168770781574376194e+00 1.117430445019581692e-01
4.351744481373189810e-01 1.154969247591352666e+00 1.084735387388365557e-01
6.863168097595988559e-01 1.173401676265546367e+00 1.097131921951459560e-01
1.082395267862693577e+00 1.221910617883934957e+00 1.147746696745106931e-01
1.707053505365735857e+00 1.225804259702170107e+00 1.101411282959447596e-01
2.692206587280742358e+00 1.174872760659421589e+00 1.041888042607952841e-01
4.245898728900676211e+00 1.128885298485883482e+00 1.026137728996251997e-01
6.696237986063757752e+00 1.082828983511290755e+00 8.858863066445540890e-02
1.056068597698579836e+01 1.046609662864263157e+00 7.364682427080010418e-02
1.665533521010114626e+01 1.023487088286965108e+00 6.617187148086654813e-02
2.626725115824433843e+01 1.005875243303461009e+00 6.276273603190156425e-02
