# R [Mpc/h comoving], X_Sigma (lambda selected/mass selected), X error
4.057722624263503108e-02 1.230480922793133924e+00 4.423338375326654748e-02
6.399464073072384795e-02 1.212076554758414693e+00 4.579362526938921679e-02
1.009264166497269577e-01 1.183050891121003811e+00 4.825429359305395682e-02
1.591717909725511582e-01 1.137274304388832036e+00 5.213503163041499633e-02
2.510309974576717118e-01 1.090842820475780739e+00 5.948658085640060739e-02
3.959028248633619795e-01 1.074531175172279474e+00 6.985681480105618291e-02
6.243812450341670317e-01 1.087791381532714485e+00 7.095968671945390716e-02
9.847162350634048877e-01 1.101506947618096532e+00 6.515498395343848059e-02
1.553003187250420192e+00 1.114697922061418822e+00 6.774213720926491877e-02
2.449252702180409802e+00 1.132917364130575422e+00 7.250396212628024140e-02
3.862734377099983352e+00 1.099580441363731786e+00 6.805995986370273754e-02
6.091946680204559428e+00 1.048034977294138859e+00 5.012410063284233885e-02
9.607653732151705483e+00 1.051436376096162473e+00 4.019738510876869064e-02
1.515230107592291731e+01 1.042597543337281607e+00 3.186457430491712595e-02
2.389680501568158633e+01 9.972449279794931565e-01 2.636380075658652233e-02
