# R [Mpc/h comoving], X_Sigma (lambda selected/mass selected), X error
3.634356345444027248e-02 1.183535541445339012e+00 5.125268485928197171e-02
5.731770013637423056e-02 1.174244448154291520e+00 5.138072270729641955e-02
9.039616473056469315e-02 1.159591396868803415e+00 5.158265213526240511e-02
1.425644535379694267e-01 1.136481962354563224e+00 5.190111651521714387e-02
2.248394439427771618e-01 1.106013484403248315e+00 5.186976286221591653e-02
3.545959339649377151e-01 1.082479897670900915e+00 5.217442059461356585e-02
5.592358448300892571e-01 1.067595276379466718e+00 5.977868281030247755e-02
8.819749472190721029e-01 1.082032570410958350e+00 6.360770159335125962e-02
1.390969149623135559e+00 1.103710704898154038e+00 6.245947196536484614e-02
2.193707634557934050e+00 1.139273847903233605e+00 7.580113025483700695e-02
3.459712379114669556e+00 1.119169410102676121e+00 6.206263719285771974e-02
5.456337735092647634e+00 1.096819584690510885e+00 5.541297946166217486e-02
8.605230209054090196e+00 1.065115820913644651e+00 4.703300973912792615e-02
1.357137159500991963e+01 1.031161995172381385e+00 3.590059985249916680e-02
2.140350955120906917e+01 1.004316126216237226e+00 2.581439882335193406e-02
